      0.0000000000         0.0050000000         0.0999979167         0.9999166719
      0.1000000000         0.0199987501         0.1999666731         0.9993335815
      0.2000000000         0.0449900042         0.2998313671         0.9977527891
      0.3000000000         0.0799575437         0.3994675539         0.9946822891
      0.4000000000         0.1248702633         0.4987021560         0.9896427782
      0.5000000000         0.1796773858         0.5973151775         0.9821769302
      0.6000000000         0.2443038982         0.6950424595         0.9718608896
      0.7000000000         0.3186463246         0.7915796779         0.9583175278
      0.8000000000         0.4025689666         0.8865877286         0.9412308244
      0.9000000000         0.4959007556         0.9796995744         0.9203605482
      1.0000000000         0.5984328624         1.0705285331         0.8955562515
      1.1000000000         0.7099172027         1.1586778862         0.8667694742
      1.2000000000         0.8300659607         1.2437515705         0.8340630205
      1.3000000000         0.9585522212         1.3253656053         0.7976162254
      1.4000000000         1.0950117636         1.4031598066         0.7577253050
      1.5000000000         1.2390460196         1.4768092643         0.7147981695
      1.6000000000         1.3902261433         1.5460350105         0.6693434605
      1.7000000000         1.5480980833         1.6106133114         0.6219540359
      1.8000000000         1.7121884940         1.6703830562         0.5732855953
      1.9000000000         1.8820112709         1.7252508126         0.5240315969
      2.0000000000         2.0570744626         1.7751932491         0.4748959739
      2.1000000000         2.2368872866         1.8202567926         0.4265653947
      2.2000000000         2.4209669741         1.8605545632         0.3796828710
      2.3000000000         2.6088451802         1.8962608102         0.3348244130
      2.4000000000         2.8000737286         1.9276032255         0.2924801474
      2.5000000000         2.9942295011         1.9548536369         0.2530409134
      2.6000000000         3.1909183405         1.9783176583         0.2167908630
      2.7000000000         3.3897778910         1.9983239037         0.1839060840
      2.8000000000         3.5904793622         2.0152133468         0.1544587979
      2.9000000000         3.7927282597         2.0293293461         0.1284262931
      3.0000000000         3.9962641681         2.0410087544         0.1057034918
      3.1000000000         4.2008597133         2.0505744156         0.0861179064
      3.2000000000         4.4063188508         2.0583292234         0.0694457374
      3.3000000000         4.6124746413         2.0645517997         0.0554279655
      3.4000000000         4.8191866735         2.0694937392         0.0437854741
      3.5000000000         5.0263382839         2.0733782880         0.0342324763
      3.6000000000         5.2338337080         2.0764002582         0.0264877705
      3.7000000000         5.4415952762         2.0787269501         0.0202835942
      3.8000000000         5.6495607410         2.0804998367         0.0153720564
      3.9000000000         5.8576808017         2.0818367774         0.0115293001
      4.0000000000         6.0659168674         2.0828345446         0.0085576630
      4.1000000000         6.2742390808         2.0835714809         0.0062861798
      4.2000000000         6.4826246078         2.0841101382         0.0045697931
      4.3000000000         6.6910561854         2.0844997895         0.0032876349
      4.4000000000         6.8995209108         2.0847787354         0.0023407095
      4.5000000000         7.1080092497         2.0849763611         0.0016492564
      4.6000000000         7.3165142361         2.0851149240         0.0011500208
      4.7000000000         7.5250308375         2.0852110697         0.0007935975
      4.8000000000         7.7335554588         2.0852770924         0.0005419665
      4.9000000000         7.9420855604         2.0853219605         0.0003662880
      5.0000000000         8.1506193683         2.0853521365         0.0002449919
      5.1000000000         8.3591556566         2.0853722214         0.0001621661
      5.2000000000         8.5676935879         2.0853854513         0.0001062305
      5.3000000000         8.7762325961         2.0853940758         0.0000688683
      5.4000000000         8.9847723029         2.0853996398         0.0000441847
      5.5000000000         9.1933124583         2.0854031922         0.0000280549
      5.6000000000         9.4018528987         2.0854054369         0.0000176291
      5.7000000000         9.6103935183         2.0854068406         0.0000109632
      5.8000000000         9.8189342494         2.0854077093         0.0000067474
      5.9000000000        10.0274750492         2.0854082414         0.0000041098
      6.0000000000        10.2360158908         2.0854085639         0.0000024774
      6.1000000000        10.4445567578         2.0854087574         0.0000014780
      6.2000000000        10.6530976398         2.0854088723         0.0000008726
      6.3000000000        10.8616385307         2.0854089398         0.0000005099
      6.4000000000        11.0701794268         2.0854089790         0.0000002949
      6.5000000000        11.2787203260         2.0854090016         0.0000001688
      6.6000000000        11.4872612268         2.0854090145         0.0000000956
      6.7000000000        11.6958021287         2.0854090217         0.0000000536
      6.8000000000        11.9043430311         2.0854090258         0.0000000297
      6.9000000000        12.1128839338         2.0854090280         0.0000000163
      7.0000000000        12.3214248366         2.0854090292         0.0000000089
      7.1000000000        12.5299657396         2.0854090299         0.0000000048
      7.2000000000        12.7385066426         2.0854090302         0.0000000025
      7.3000000000        12.9470475456         2.0854090304         0.0000000013
      7.4000000000        13.1555884487         2.0854090305         0.0000000007
      7.5000000000        13.3641293518         2.0854090306         0.0000000004
      7.6000000000        13.5726702548         2.0854090306         0.0000000002
      7.7000000000        13.7812111579         2.0854090306         0.0000000001
      7.8000000000        13.9897520609         2.0854090306         0.0000000000
      7.9000000000        14.1982929640         2.0854090306         0.0000000000
      8.0000000000        14.4068338671         2.0854090306         0.0000000000
      8.1000000000        14.6153747701         2.0854090306         0.0000000000
      8.2000000000        14.8239156732         2.0854090306         0.0000000000
      8.3000000000        15.0324565763         2.0854090306         0.0000000000
      8.4000000000        15.2409974793         2.0854090306         0.0000000000
      8.5000000000        15.4495383824         2.0854090306         0.0000000000
      8.6000000000        15.6580792854         2.0854090306         0.0000000000
      8.7000000000        15.8666201885         2.0854090306         0.0000000000
      8.8000000000        16.0751610916         2.0854090306         0.0000000000
      8.9000000000        16.2837019946         2.0854090306         0.0000000000
      9.0000000000        16.4922428977         2.0854090306         0.0000000000
      9.1000000000        16.7007838008         2.0854090306         0.0000000000
      9.2000000000        16.9093247038         2.0854090306         0.0000000000
      9.3000000000        17.1178656069         2.0854090306         0.0000000000
      9.4000000000        17.3264065100         2.0854090306         0.0000000000
      9.5000000000        17.5349474130         2.0854090306         0.0000000000
      9.6000000000        17.7434883161         2.0854090306         0.0000000000
      9.7000000000        17.9520292191         2.0854090306         0.0000000000
      9.8000000000        18.1605701222         2.0854090306         0.0000000000
      9.9000000000        18.3691110253         2.0854090306         0.0000000000
     10.0000000000        18.5776519283         2.0854090306         0.0000000000
      0.0000000000        -0.0000050000        -0.0001000000        -0.0010000001
      0.1000000000        -0.0000200000        -0.0002000000        -0.0010000007
      0.2000000000        -0.0000450000        -0.0003000002        -0.0010000023
      0.3000000000        -0.0000800000        -0.0004000005        -0.0010000053
      0.4000000000        -0.0001250001        -0.0005000013        -0.0010000104
      0.5000000000        -0.0001800003        -0.0006000027        -0.0010000180
      0.6000000000        -0.0002450007        -0.0007000050        -0.0010000286
      0.7000000000        -0.0003200014        -0.0008000085        -0.0010000427
      0.8000000000        -0.0004050025        -0.0009000137        -0.0010000608
      0.9000000000        -0.0005000042        -0.0010000208        -0.0010000833
      1.0000000000        -0.0006050067        -0.0011000305        -0.0010001109
      1.1000000000        -0.0007200104        -0.0012000432        -0.0010001440
      1.2000000000        -0.0008450155        -0.0013000595        -0.0010001831
      1.3000000000        -0.0009800224        -0.0014000800        -0.0010002287
      1.4000000000        -0.0011250316        -0.0015001055        -0.0010002813
      1.5000000000        -0.0012800437        -0.0016001365        -0.0010003414
      1.6000000000        -0.0014450592        -0.0017001740        -0.0010004095
      1.7000000000        -0.0016200787        -0.0018002187        -0.0010004861
      1.8000000000        -0.0018051032        -0.0019002716        -0.0010005718
      1.9000000000        -0.0020001333        -0.0020003334        -0.0010006669
      2.0000000000        -0.0022051702        -0.0021004053        -0.0010007721
      2.1000000000        -0.0024202148        -0.0022004882        -0.0010008878
      2.2000000000        -0.0026452682        -0.0023005832        -0.0010010145
      2.3000000000        -0.0028803319        -0.0024006915        -0.0010011527
      2.4000000000        -0.0031254070        -0.0025008141        -0.0010013030
      2.5000000000        -0.0033804952        -0.0026009525        -0.0010014658
      2.6000000000        -0.0036455981        -0.0027011077        -0.0010016417
      2.7000000000        -0.0039207174        -0.0028012813        -0.0010018312
      2.8000000000        -0.0042058550        -0.0029014744        -0.0010020347
      2.9000000000        -0.0045010129        -0.0030016887        -0.0010022528
      3.0000000000        -0.0048061935        -0.0031019255        -0.0010024860
      3.1000000000        -0.0051213989        -0.0032021864        -0.0010027348
      3.2000000000        -0.0054466316        -0.0033024730        -0.0010029997
      3.3000000000        -0.0057818944        -0.0034027869        -0.0010032812
      3.4000000000        -0.0061271899        -0.0035031298        -0.0010035799
      3.5000000000        -0.0064825213        -0.0036035035        -0.0010038963
      3.6000000000        -0.0068478917        -0.0037039097        -0.0010042309
      3.7000000000        -0.0072233044        -0.0038043503        -0.0010045842
      3.8000000000        -0.0076087630        -0.0039048272        -0.0010049567
      3.9000000000        -0.0080042711        -0.0040053423        -0.0010053490
      4.0000000000        -0.0084098328        -0.0041058976        -0.0010057616
      4.1000000000        -0.0088254521        -0.0042064953        -0.0010061950
      4.2000000000        -0.0092511333        -0.0043071374        -0.0010066498
      4.3000000000        -0.0096868811        -0.0044078260        -0.0010071265
      4.4000000000        -0.0101327002        -0.0045085634        -0.0010076256
      4.5000000000        -0.0105885955        -0.0046093519        -0.0010081476
      4.6000000000        -0.0110545723        -0.0047101937        -0.0010086932
      4.7000000000        -0.0115306361        -0.0048110913        -0.0010092629
      4.8000000000        -0.0120167925        -0.0049120471        -0.0010098572
      4.9000000000        -0.0125130475        -0.0050130636        -0.0010104766
      5.0000000000        -0.0130194073        -0.0051141433        -0.0010111218
      5.1000000000        -0.0135358784        -0.0052152888        -0.0010117932
      5.2000000000        -0.0140624674        -0.0053165028        -0.0010124915
      5.3000000000        -0.0145991813        -0.0054177880        -0.0010132172
      5.4000000000        -0.0151460275        -0.0055191472        -0.0010139709
      5.5000000000        -0.0157030133        -0.0056205832        -0.0010147532
      5.6000000000        -0.0162701467        -0.0057220988        -0.0010155646
      5.7000000000        -0.0168474358        -0.0058236971        -0.0010164057
      5.8000000000        -0.0174348890        -0.0059253810        -0.0010172771
      5.9000000000        -0.0180325150        -0.0060271535        -0.0010181795
      6.0000000000        -0.0186403228        -0.0061290179        -0.0010191134
      6.1000000000        -0.0192583217        -0.0062309773        -0.0010200794
      6.2000000000        -0.0198865215        -0.0063330349        -0.0010210781
      6.3000000000        -0.0205249321        -0.0064351940        -0.0010221101
      6.4000000000        -0.0211735638        -0.0065374580        -0.0010231762
      6.5000000000        -0.0218324273        -0.0066398304        -0.0010242768
      6.6000000000        -0.0225015336        -0.0067423146        -0.0010254126
      6.7000000000        -0.0231808941        -0.0068449141        -0.0010265843
      6.8000000000        -0.0238705204        -0.0069476327        -0.0010277926
      6.9000000000        -0.0245704247        -0.0070504739        -0.0010290380
      7.0000000000        -0.0252806194        -0.0071534415        -0.0010303212
      7.1000000000        -0.0260011173        -0.0072565394        -0.0010316429
      7.2000000000        -0.0267319317        -0.0073597714        -0.0010330038
      7.3000000000        -0.0274730762        -0.0074631415        -0.0010344045
      7.4000000000        -0.0282245648        -0.0075666536        -0.0010358458
      7.5000000000        -0.0289864118        -0.0076703120        -0.0010373284
      7.6000000000        -0.0297586322        -0.0077741207        -0.0010388529
      7.7000000000        -0.0305412411        -0.0078780840        -0.0010404201
      7.8000000000        -0.0313342543        -0.0079822062        -0.0010420307
      7.9000000000        -0.0321376878        -0.0080864916        -0.0010436855
      8.0000000000        -0.0329515582        -0.0081909448        -0.0010453852
      8.1000000000        -0.0337758825        -0.0082955702        -0.0010471305
      8.2000000000        -0.0346106781        -0.0084003724        -0.0010489222
      8.3000000000        -0.0354559630        -0.0085053562        -0.0010507611
      8.4000000000        -0.0363117556        -0.0086105263        -0.0010526480
      8.5000000000        -0.0371780746        -0.0087158874        -0.0010545837
      8.6000000000        -0.0380549396        -0.0088214447        -0.0010565690
      8.7000000000        -0.0389423703        -0.0089272029        -0.0010586048
      8.8000000000        -0.0398403871        -0.0090331673        -0.0010606918
      8.9000000000        -0.0407490108        -0.0091393430        -0.0010628309
      9.0000000000        -0.0416682629        -0.0092457353        -0.0010650230
      9.1000000000        -0.0425981652        -0.0093523494        -0.0010672690
      9.2000000000        -0.0435387403        -0.0094591909        -0.0010695697
      9.3000000000        -0.0444900112        -0.0095662652        -0.0010719260
      9.4000000000        -0.0454520013        -0.0096735780        -0.0010743390
      9.5000000000        -0.0464247349        -0.0097811349        -0.0010768094
      9.6000000000        -0.0474082366        -0.0098889418        -0.0010793384
      9.7000000000        -0.0484025318        -0.0099970046        -0.0010819267
      9.8000000000        -0.0494076463        -0.0101053292        -0.0010845755
      9.9000000000        -0.0504236066        -0.0102139217        -0.0010872857
     10.0000000000        -0.0514504398        -0.0103227884        -0.0010900583
     10.1000000000         0.0000050000         0.0001000000         0.0009999999
     10.2000000000         0.0000200000         0.0002000000         0.0009999993
     10.3000000000         0.0000450000         0.0002999998         0.0009999978
     10.4000000000         0.0000800000         0.0003999995         0.0009999947
     10.5000000000         0.0001249999         0.0004999987         0.0009999896
     10.6000000000         0.0001799997         0.0005999973         0.0009999820
     10.7000000000         0.0002449993         0.0006999950         0.0009999714
     10.8000000000         0.0003199986         0.0007999915         0.0009999573
     10.9000000000         0.0004049975         0.0008999863         0.0009999393
     11.0000000000         0.0004999958         0.0009999792         0.0009999167
     11.1000000000         0.0006049933         0.0010999695         0.0009998891
     11.2000000000         0.0007199896         0.0011999568         0.0009998560
     11.3000000000         0.0008449845         0.0012999405         0.0009998169
     11.4000000000         0.0009799776         0.0013999200         0.0009997714
     11.5000000000         0.0011249684         0.0014998945         0.0009997188
     11.6000000000         0.0012799563         0.0015998635         0.0009996587
     11.7000000000         0.0014449408         0.0016998260         0.0009995907
     11.8000000000         0.0016199213         0.0017997813         0.0009995141
     11.9000000000         0.0018048968         0.0018997285         0.0009994286
     12.0000000000         0.0019998667         0.0019996667         0.0009993336
     12.1000000000         0.0022048299         0.0020995949         0.0009992286
     12.2000000000         0.0024197853         0.0021995121         0.0009991131
     12.3000000000         0.0026447319         0.0022994172         0.0009989866
     12.4000000000         0.0028796683         0.0023993091         0.0009988487
     12.5000000000         0.0031245932         0.0024991865         0.0009986988
     12.6000000000         0.0033795051         0.0025990484         0.0009985365
     12.7000000000         0.0036444023         0.0026988934         0.0009983612
     12.8000000000         0.0039192832         0.0027987202         0.0009981725
     12.9000000000         0.0042041457         0.0028985274         0.0009979699
     13.0000000000         0.0044989879         0.0029983137         0.0009977528
     13.1000000000         0.0048038077         0.0030980775         0.0009975208
     13.2000000000         0.0051186026         0.0031978173         0.0009972734
     13.3000000000         0.0054433703         0.0032975317         0.0009970102
     13.4000000000         0.0057781081         0.0033972188         0.0009967306
     13.5000000000         0.0061228131         0.0034968772         0.0009964341
     13.6000000000         0.0064774825         0.0035965051         0.0009961203
     13.7000000000         0.0068421131         0.0036961007         0.0009957887
     13.8000000000         0.0072167015         0.0037956622         0.0009954388
     13.9000000000         0.0076012443         0.0038951878         0.0009950702
     14.0000000000         0.0079957378         0.0039946756         0.0009946823
     14.1000000000         0.0084001781         0.0040941236         0.0009942747
     14.2000000000         0.0088145611         0.0041935299         0.0009938469
     14.3000000000         0.0092388826         0.0042928923         0.0009933985
     14.4000000000         0.0096731381         0.0043922089         0.0009929290
     14.5000000000         0.0101173228         0.0044914774         0.0009924379
     14.6000000000         0.0105714319         0.0045906957         0.0009919247
     14.7000000000         0.0110354602         0.0046898616         0.0009913891
     14.8000000000         0.0115094024         0.0047889727         0.0009908305
     14.9000000000         0.0119932528         0.0048880269         0.0009902486
     15.0000000000         0.0124870058         0.0049870217         0.0009896428
     15.1000000000         0.0129906551         0.0050859546         0.0009890127
     15.2000000000         0.0135041945         0.0051848234         0.0009883578
     15.3000000000         0.0140276175         0.0052836254         0.0009876778
     15.4000000000         0.0145609173         0.0053823581         0.0009869722
     15.5000000000         0.0151040868         0.0054810189         0.0009862405
     15.6000000000         0.0156571186         0.0055796053         0.0009854824
     15.7000000000         0.0162200053         0.0056781145         0.0009846974
     15.8000000000         0.0167927389         0.0057765439         0.0009838851
     15.9000000000         0.0173753113         0.0058748906         0.0009830451
     16.0000000000         0.0179677141         0.0059731520         0.0009821769
     16.1000000000         0.0185699387         0.0060713251         0.0009812802
     16.2000000000         0.0191819761         0.0061694070         0.0009803545
     16.3000000000         0.0198038170         0.0062673950         0.0009793995
     16.4000000000         0.0204354519         0.0063652860         0.0009784148
     16.5000000000         0.0210768709         0.0064630770         0.0009774000
     16.6000000000         0.0217280638         0.0065607649         0.0009763546
     16.7000000000         0.0223890203         0.0066583469         0.0009752784
     16.8000000000         0.0230597296         0.0067558196         0.0009741710
     16.9000000000         0.0237401805         0.0068531800         0.0009730319
     17.0000000000         0.0244303617         0.0069504249         0.0009718609
     17.1000000000         0.0251302615         0.0070475511         0.0009706575
     17.2000000000         0.0258398679         0.0071445553         0.0009694215
     17.3000000000         0.0265591684         0.0072414343         0.0009681524
     17.4000000000         0.0272881504         0.0073381847         0.0009668500
     17.5000000000         0.0280268009         0.0074348032         0.0009655139
     17.6000000000         0.0287751066         0.0075312863         0.0009641439
     17.7000000000         0.0295330536         0.0076276308         0.0009627395
     17.8000000000         0.0303006280         0.0077238331         0.0009613005
     17.9000000000         0.0310778153         0.0078198897         0.0009598266
     18.0000000000         0.0318646009         0.0079157972         0.0009583175
     18.1000000000         0.0326609697         0.0080115520         0.0009567729
     18.2000000000         0.0334669061         0.0081071506         0.0009551925
     18.3000000000         0.0342823945         0.0082025893         0.0009535760
     18.4000000000         0.0351074186         0.0082978646         0.0009519233
     18.5000000000         0.0359419618         0.0083929728         0.0009502340
     18.6000000000         0.0367860074         0.0084879102         0.0009485079
     18.7000000000         0.0376395381         0.0085826731         0.0009467447
     18.8000000000         0.0385025361         0.0086772579         0.0009449443
     18.9000000000         0.0393749836         0.0087716607         0.0009431064
     19.0000000000         0.0402568621         0.0088658779         0.0009412308
     19.1000000000         0.0411481529         0.0089599056         0.0009393172
     19.2000000000         0.0420488368         0.0090537401         0.0009373656
     19.3000000000         0.0429588943         0.0091473775         0.0009353757
     19.4000000000         0.0438783056         0.0092408139         0.0009333473
     19.5000000000         0.0448070503         0.0093340456         0.0009312802
     19.6000000000         0.0457451077         0.0094270687         0.0009291744
     19.7000000000         0.0466924569         0.0095198792         0.0009270297
     19.8000000000         0.0476490764         0.0096124733         0.0009248459
