   0.0000000000000000        1.4999999999999998E-003   2.9999812500000000E-002  0.29999250014062501     
  0.10000000000000001        5.9998875036327429E-003   5.9997000173430279E-002  0.29994000670260795     
  0.20000000000000001        1.3499100113541801E-002   8.9984815663499945E-002  0.29979757535450052     
  0.30000000000000004        2.3996176180186644E-002  0.11995202398001073       0.29952042244488680     
  0.40000000000000002        3.7488307119399343E-002  0.14988292719621663       0.29906410975608894     
  0.50000000000000000        5.3970893244606272E-002  0.17975741124924960       0.29838480152291880     
  0.59999999999999998        7.3437105681930626E-002  0.20955102196097941       0.29743959130797876     
  0.69999999999999996        9.5877457633734856E-002  0.23923507708494071       0.29618689486240113     
  0.79999999999999993       0.12127938891453410       0.26877682071161924       0.29458690332851178     
  0.89999999999999991       0.14962686828493155       0.29813962570039343       0.29260208911043811     
  0.99999999999999989       0.18090001863404823       0.32728324892936628       0.29019775452141566     
   1.0999999999999999       0.21507477048674845       0.35616414304993887       0.28734261100437986     
   1.2000000000000000       0.25212254961576774       0.38473582709722232       0.28400937442747165     
   1.3000000000000000       0.29201000469779431       0.41294931674835100       0.28017535980837810     
   1.4000000000000001       0.33469878094527894       0.44075361326026402       0.27582305696458764     
   1.5000000000000002       0.38014534545381246       0.46809624819315598       0.27094066717135717     
   1.6000000000000003       0.42830086961428410       0.49492387898723733       0.26552258008468710     
   1.7000000000000004       0.47911117334159220       0.52118292837478231       0.25956977009039361     
   1.8000000000000005       0.53251673506655273       0.54682025855547445       0.25309009198690258     
   1.9000000000000006       0.58845277043237765       0.57178386912938162       0.24609845757841464     
   2.0000000000000004       0.64684938144838877       0.59602360606288185       0.23861687738076062     
   2.1000000000000005       0.70763177650773978       0.61949186755364694       0.23067435520415952     
   2.2000000000000006       0.77072056020838720       0.64214429165146314       0.22230662779426338     
   2.3000000000000007       0.83603209037143233       0.66394040996110426       0.21355574684204409     
   2.4000000000000008       0.90347889807937609       0.68484425176321073       0.20446950631165051     
   2.5000000000000009       0.97297016501495415       0.70482488347780059       0.19510072392971872     
   2.6000000000000010        1.0444122509277554       0.72385686957390505       0.18550639153847814     
   2.7000000000000011        1.1177092627490948       0.74192064277885583       0.17574671452720977     
   2.8000000000000012        1.1927636557704742       0.75900277371168479       0.16588406541210240     
   2.9000000000000012        1.2694768564457368       0.77509613277663769       0.15598188054671111     
   3.0000000000000013        1.3477498958106180       0.79019994019809270       0.14610353167280737     
   3.1000000000000014        1.4274840422629462       0.80431970332932101       0.13631120538782238     
   3.2000000000000015        1.5085814225258338       0.81746704368284673       0.12666482351313571     
   3.3000000000000016        1.5909456200238892       0.82965941936261767       0.11722103578808767     
   3.4000000000000017        1.6744822406232600       0.84091975158434840       0.10803231336856929     
   3.5000000000000018        1.7590994366908561       0.85127596661917726        9.9146167441463276E-002
   3.6000000000000019        1.8447083816749186       0.86076046667635342        9.0604512114204019E-002
   3.7000000000000020        1.9312236888469434       0.86940954486880195        8.2443184893657415E-002
   3.8000000000000020        2.0185637694156338       0.87726276042782125        7.4691631854309423E-002
   3.9000000000000021        2.1066511268651960       0.88436229072960082        6.7372758345448480E-002
   4.0000000000000018        2.1954125860206797       0.89075227647926813        6.0502940119734713E-002
   4.1000000000000014        2.2847794569427422       0.89647817561066123        5.4092184365715522E-002
   4.2000000000000011        2.3746876352494115       0.90158614017086469        4.8144425527531266E-002
   4.3000000000000007        2.4650776418072535       0.90612242875684879        4.2657937166313810E-002
   4.4000000000000004        2.5558946058926493       0.91013286506001045        3.7625838560711652E-002
   4.5000000000000000        2.6470881968700657       0.91366235086234981        3.3036673290373880E-002
   4.5999999999999996        2.7386125101537400       0.91675443952464042        2.8875036663308651E-002
   4.6999999999999993        2.8304259137081647       0.91945097371532636        2.5122229447278769E-002
   4.7999999999999989        2.9224908616070229       0.92179178894090619        2.1756916814300462E-002
   4.8999999999999986        3.0147736812241841       0.92381448243125319        1.8755773542754657E-002
   4.9999999999999982        3.1072443404951562       0.92555424516641094        1.6094099163613727E-002
   5.0999999999999979        3.1998762013893502       0.92704375334633793        1.3746389701976976E-002
   5.1999999999999975        3.2926457653020678       0.92831311442520925        1.1686855776184793E-002
   5.2999999999999972        3.3855324155413071       0.92938986196370299        9.8898799146964027E-003
   5.3999999999999968        3.4785181614791298       0.93029899298787222        8.3304088995974947E-003
   5.4999999999999964        3.5715873882898501       0.93106304126114448        6.9842796366032592E-003
   5.5999999999999961        3.6647266155345379       0.93170217984673165        5.8284794056460551E-003
   5.6999999999999957        3.7579242671967736       0.93223434652485260        4.8413433134700421E-003
   5.7999999999999954        3.8511704551479053       0.93267538599261557        4.0026933268810880E-003
   5.8999999999999950        3.9444567774368160       0.93303920327299672        3.2939244127723794E-003
   5.9999999999999947        4.0377761322708974       0.93333792335295707        2.6980440685627940E-003
   6.0999999999999943        4.1311225480891540       0.93358205272200534        2.1996719289869393E-003
   6.1999999999999940        4.2244910297291955       0.93378063915809595        1.7850062274250586E-003
   6.2999999999999936        4.3178774203582657       0.93394142677918368        1.4417637234880503E-003
   6.3999999999999932        4.4112782785727962       0.93407100402284438        1.1590993370983527E-003
   6.4999999999999929        4.5046907698676097       0.93417494281527680        9.2751120577363923E-004
   6.5999999999999925        4.5981125715295690       0.93425792773204086        7.3873625589533241E-004
   6.6999999999999922        4.6915417899150631       0.93432387442809717        5.8564069500820670E-004
   6.7999999999999918        4.7849768890193252       0.93437603702028293        4.6210912897396371E-004
   6.8999999999999915        4.8784166292312365       0.93441710444097259        3.6293531656338075E-004
   6.9999999999999911        4.9718600151831254       0.93444928604981070        2.8371691933411593E-004
   7.0999999999999908        5.0653062516444880       0.93447438699566099        2.2075600424415555E-004
   7.1999999999999904        5.1587547064656718       0.93449387396936556        1.7096652212619961E-004
   7.2999999999999901        5.2522048796469036       0.93450893208650943        1.3178952328092087E-004
   7.3999999999999897        5.3456563776851294       0.93452051369552125        1.0111648394277249E-004
   7.4999999999999893        5.4391088924319524       0.93452937992748608        7.7220802560718901E-005
   7.5999999999999890        5.5325621837774639       0.93453613579706984        5.8697278352922902E-005
   7.6999999999999886        5.6260160655544347       0.93454125963549284        4.4409200195112313E-005
   7.7999999999999883        5.7194703941333209       0.93454512759238739        3.3442544185888533E-005
   7.8999999999999879        5.8129250592495758       0.93454803388870233        2.5066695250748984E-005
