               eta                    f                   f'                  f''
      0.0000000000         0.0000000000         0.0000000000        -0.0009999945
      0.1000000000        -0.0000050000        -0.0000999995        -0.0009999946
      0.2000000000        -0.0000199999        -0.0001999989        -0.0009999952
      0.3000000000        -0.0000449998        -0.0002999985        -0.0009999968
      0.4000000000        -0.0000799996        -0.0003999983        -0.0009999999
      0.5000000000        -0.0001249994        -0.0004999986        -0.0010000049
      0.6000000000        -0.0001799993        -0.0005999994        -0.0010000125
      0.7000000000        -0.0002449994        -0.0007000012        -0.0010000231
      0.8000000000        -0.0003199996        -0.0008000042        -0.0010000372
      0.9000000000        -0.0004050002        -0.0009000087        -0.0010000553
      1.0000000000        -0.0005000014        -0.0010000154        -0.0010000779
      1.1000000000        -0.0006050034        -0.0011000245        -0.0010001055
      1.2000000000        -0.0007200064        -0.0012000366        -0.0010001385
      1.3000000000        -0.0008450108        -0.0013000524        -0.0010001776
      1.4000000000        -0.0009800170        -0.0014000724        -0.0010002232
      1.5000000000        -0.0011250255        -0.0015000973        -0.0010002758
      1.6000000000        -0.0012800367        -0.0016001278        -0.0010003359
      1.7000000000        -0.0014450513        -0.0017001647        -0.0010004040
      1.8000000000        -0.0016200699        -0.0018002089        -0.0010004807
      1.9000000000        -0.0018050933        -0.0019002612        -0.0010005663
      2.0000000000        -0.0020001224        -0.0020003225        -0.0010006614
      2.1000000000        -0.0022051581        -0.0021003938        -0.0010007666
      2.2000000000        -0.0024202015        -0.0022004761        -0.0010008823
      2.3000000000        -0.0026452538        -0.0023005706        -0.0010010090
      2.4000000000        -0.0028803161        -0.0024006783        -0.0010011472
      2.5000000000        -0.0031253899        -0.0025008005        -0.0010012975
      2.6000000000        -0.0033804767        -0.0026009382        -0.0010014604
      2.7000000000        -0.0036455781        -0.0027010930        -0.0010016362
      2.8000000000        -0.0039206959        -0.0028012659        -0.0010018257
      2.9000000000        -0.0042058320        -0.0029014586        -0.0010020292
      3.0000000000        -0.0045009883        -0.0030016723        -0.0010022473
      3.1000000000        -0.0048061672        -0.0031019085        -0.0010024805
      3.2000000000        -0.0051213708        -0.0032021689        -0.0010027293
      3.3000000000        -0.0054466018        -0.0033024549        -0.0010029942
      3.4000000000        -0.0057818627        -0.0034027683        -0.0010032757
      3.5000000000        -0.0061271564        -0.0035031106        -0.0010035744
      3.6000000000        -0.0064824859        -0.0036034838        -0.0010038908
      3.7000000000        -0.0068478543        -0.0037038894        -0.0010042254
      3.8000000000        -0.0072232649        -0.0038043295        -0.0010045787
      3.9000000000        -0.0076087214        -0.0039048058        -0.0010049512
      4.0000000000        -0.0080042273        -0.0040053204        -0.0010053435
      4.1000000000        -0.0084097868        -0.0041058752        -0.0010057561
      4.2000000000        -0.0088254038        -0.0042064723        -0.0010061895
      4.3000000000        -0.0092510827        -0.0043071138        -0.0010066443
      4.4000000000        -0.0096868281        -0.0044078018        -0.0010071209
      4.5000000000        -0.0101326447        -0.0045085387        -0.0010076200
      4.6000000000        -0.0105885375        -0.0046093266        -0.0010081421
      4.7000000000        -0.0110545118        -0.0047101679        -0.0010086877
      4.8000000000        -0.0115305730        -0.0048110649        -0.0010092573
      4.9000000000        -0.0120167267        -0.0049120202        -0.0010098516
      5.0000000000        -0.0125129790        -0.0050130361        -0.0010104710
      5.1000000000        -0.0130193361        -0.0051141152        -0.0010111162
      5.2000000000        -0.0135358043        -0.0052152602        -0.0010117876
      5.3000000000        -0.0140623904        -0.0053164737        -0.0010124859
      5.4000000000        -0.0145991014        -0.0054177583        -0.0010132116
      5.5000000000        -0.0151459445        -0.0055191169        -0.0010139653
      5.6000000000        -0.0157029273        -0.0056205523        -0.0010147475
      5.7000000000        -0.0162700576        -0.0057220674        -0.0010155589
      5.8000000000        -0.0168473435        -0.0058236651        -0.0010164000
      5.9000000000        -0.0174347935        -0.0059253484        -0.0010172715
      6.0000000000        -0.0180324162        -0.0060271204        -0.0010181738
      6.1000000000        -0.0186402206        -0.0061289842        -0.0010191077
      6.2000000000        -0.0192582162        -0.0062309430        -0.0010200737
      6.3000000000        -0.0198864125        -0.0063330001        -0.0010210724
      6.4000000000        -0.0205248196        -0.0064351586        -0.0010221044
      6.5000000000        -0.0211734477        -0.0065374221        -0.0010231704
      6.6000000000        -0.0218323076        -0.0066397939        -0.0010242711
      6.7000000000        -0.0225014102        -0.0067422775        -0.0010254069
      6.8000000000        -0.0231807669        -0.0068448764        -0.0010265786
      6.9000000000        -0.0238703895        -0.0069475944        -0.0010277868
      7.0000000000        -0.0245702899        -0.0070504350        -0.0010290322
      7.1000000000        -0.0252804807        -0.0071534021        -0.0010303154
      7.2000000000        -0.0260009747        -0.0072564994        -0.0010316371
      7.3000000000        -0.0267317850        -0.0073597308        -0.0010329980
      7.4000000000        -0.0274729254        -0.0074631003        -0.0010343987
      7.5000000000        -0.0282244098        -0.0075666119        -0.0010358400
      7.6000000000        -0.0289862527        -0.0076702697        -0.0010373225
      7.7000000000        -0.0297584688        -0.0077740778        -0.0010388470
      7.8000000000        -0.0305410734        -0.0078780405        -0.0010404142
      7.9000000000        -0.0313340822        -0.0079821621        -0.0010420248
      8.0000000000        -0.0321375113        -0.0080864469        -0.0010436795
      8.1000000000        -0.0329513772        -0.0081908995        -0.0010453792
      8.2000000000        -0.0337756969        -0.0082955243        -0.0010471245
      8.3000000000        -0.0346104879        -0.0084003259        -0.0010489162
      8.4000000000        -0.0354557681        -0.0085053091        -0.0010507551
      8.5000000000        -0.0363115559        -0.0086104785        -0.0010526420
      8.6000000000        -0.0371778702        -0.0087158391        -0.0010545777
      8.7000000000        -0.0380547303        -0.0088213957        -0.0010565629
      8.8000000000        -0.0389421561        -0.0089271534        -0.0010585987
      8.9000000000        -0.0398401678        -0.0090331172        -0.0010606856
      9.0000000000        -0.0407487865        -0.0091392923        -0.0010628247
      9.1000000000        -0.0416680335        -0.0092456839        -0.0010650168
      9.2000000000        -0.0425979307        -0.0093522974        -0.0010672627
      9.3000000000        -0.0435385006        -0.0094591383        -0.0010695634
      9.4000000000        -0.0444897661        -0.0095662120        -0.0010719198
      9.5000000000        -0.0454517509        -0.0096735241        -0.0010743327
      9.6000000000        -0.0464244791        -0.0097810804        -0.0010768031
      9.7000000000        -0.0474079753        -0.0098888867        -0.0010793320
      9.8000000000        -0.0484022649        -0.0099969488        -0.0010819203
      9.9000000000        -0.0494073738        -0.0101052728        -0.0010845691
     10.0000000000        -0.0504233284        -0.0102138647        -0.0010872792
               eta                    f                   f'                  f''
      0.0000000000         0.0000000000         0.0000000000         0.0010000055
      0.1000000000         0.0000050000         0.0001000005         0.0010000054
      0.2000000000         0.0000200001         0.0002000011         0.0010000048
      0.3000000000         0.0000450002         0.0003000015         0.0010000032
      0.4000000000         0.0000800004         0.0004000017         0.0010000001
      0.5000000000         0.0001250006         0.0005000014         0.0009999951
      0.6000000000         0.0001800007         0.0006000006         0.0009999875
      0.7000000000         0.0002450006         0.0006999988         0.0009999769
      0.8000000000         0.0003200004         0.0007999958         0.0009999628
      0.9000000000         0.0004049998         0.0008999913         0.0009999447
      1.0000000000         0.0004999986         0.0009999846         0.0009999221
      1.1000000000         0.0006049966         0.0010999755         0.0009998946
      1.2000000000         0.0007199936         0.0011999634         0.0009998615
      1.3000000000         0.0008449892         0.0012999476         0.0009998224
      1.4000000000         0.0009799830         0.0013999276         0.0009997768
      1.5000000000         0.0011249745         0.0014999027         0.0009997243
      1.6000000000         0.0012799633         0.0015998722         0.0009996642
      1.7000000000         0.0014449487         0.0016998353         0.0009995961
      1.8000000000         0.0016199301         0.0017997912         0.0009995196
      1.9000000000         0.0018049067         0.0018997389         0.0009994341
      2.0000000000         0.0019998776         0.0019996777         0.0009993390
      2.1000000000         0.0022048419         0.0020996064         0.0009992340
      2.2000000000         0.0024197985         0.0021995241         0.0009991186
      2.3000000000         0.0026447463         0.0022994298         0.0009989921
      2.4000000000         0.0028796840         0.0023993222         0.0009988542
      2.5000000000         0.0031246103         0.0024992002         0.0009987043
      2.6000000000         0.0033795236         0.0025990626         0.0009985420
      2.7000000000         0.0036444223         0.0026989082         0.0009983667
      2.8000000000         0.0039193046         0.0027987355         0.0009981780
      2.9000000000         0.0042041687         0.0028985433         0.0009979753
      3.0000000000         0.0044990125         0.0029983301         0.0009977582
      3.1000000000         0.0048038340         0.0030980944         0.0009975262
      3.2000000000         0.0051186306         0.0031978348         0.0009972789
      3.3000000000         0.0054434001         0.0032975497         0.0009970156
      3.4000000000         0.0057781397         0.0033972374         0.0009967360
      3.5000000000         0.0061228466         0.0034968963         0.0009964395
      3.6000000000         0.0064775179         0.0035965247         0.0009961257
      3.7000000000         0.0068421505         0.0036961209         0.0009957941
      3.8000000000         0.0072167410         0.0037956829         0.0009954442
      3.9000000000         0.0076012859         0.0038952091         0.0009950756
      4.0000000000         0.0079957815         0.0039946974         0.0009946877
      4.1000000000         0.0084002240         0.0040941460         0.0009942801
      4.2000000000         0.0088146093         0.0041935528         0.0009938523
      4.3000000000         0.0092389331         0.0042929157         0.0009934039
      4.4000000000         0.0096731909         0.0043922328         0.0009929344
      4.5000000000         0.0101173781         0.0044915019         0.0009924433
      4.6000000000         0.0105714896         0.0045907207         0.0009919301
      4.7000000000         0.0110355205         0.0046898872         0.0009913945
      4.8000000000         0.0115094652         0.0047889989         0.0009908359
      4.9000000000         0.0119933184         0.0048880536         0.0009902539
      5.0000000000         0.0124870740         0.0049870489         0.0009896481
      5.1000000000         0.0129907261         0.0050859824         0.0009890180
      5.2000000000         0.0135042683         0.0051848517         0.0009883632
      5.3000000000         0.0140276942         0.0052836542         0.0009876831
      5.4000000000         0.0145609968         0.0053823874         0.0009869775
      5.5000000000         0.0151041693         0.0054810488         0.0009862459
      5.6000000000         0.0156572041         0.0055796357         0.0009854877
      5.7000000000         0.0162200938         0.0056781455         0.0009847027
      5.8000000000         0.0167928306         0.0057765754         0.0009838904
      5.9000000000         0.0173754062         0.0058749226         0.0009830504
      6.0000000000         0.0179678122         0.0059731845         0.0009821822
      6.1000000000         0.0185700401         0.0060713581         0.0009812855
      6.2000000000         0.0191820808         0.0061694406         0.0009803598
      6.3000000000         0.0198039251         0.0062674291         0.0009794048
      6.4000000000         0.0204355634         0.0063653206         0.0009784201
      6.5000000000         0.0210769859         0.0064631121         0.0009774052
      6.6000000000         0.0217281824         0.0065608006         0.0009763599
      6.7000000000         0.0223891425         0.0066583830         0.0009752836
      6.8000000000         0.0230598554         0.0067558563         0.0009741762
      6.9000000000         0.0237403100         0.0068532172         0.0009730371
      7.0000000000         0.0244304949         0.0069504626         0.0009718660
      7.1000000000         0.0251303986         0.0070475893         0.0009706626
      7.2000000000         0.0258400088         0.0071445941         0.0009694266
      7.3000000000         0.0265593132         0.0072414736         0.0009681575
      7.4000000000         0.0272882992         0.0073382245         0.0009668551
      7.5000000000         0.0280269537         0.0074348435         0.0009655190
      7.6000000000         0.0287752634         0.0075313272         0.0009641490
      7.7000000000         0.0295332145         0.0076276721         0.0009627446
      7.8000000000         0.0303007930         0.0077238749         0.0009613056
      7.9000000000         0.0310779846         0.0078199321         0.0009598316
      8.0000000000         0.0318647745         0.0079158401         0.0009583225
      8.1000000000         0.0326611476         0.0080115954         0.0009567779
      8.2000000000         0.0334670884         0.0081071944         0.0009551975
      8.3000000000         0.0342825811         0.0082026337         0.0009535810
      8.4000000000         0.0351076096         0.0082979094         0.0009519283
      8.5000000000         0.0359421574         0.0083930181         0.0009502389
      8.6000000000         0.0367862076         0.0084879560         0.0009485128
      8.7000000000         0.0376397428         0.0085827194         0.0009467496
      8.8000000000         0.0385027455         0.0086773047         0.0009449492
      8.9000000000         0.0393751977         0.0087717080         0.0009431113
      9.0000000000         0.0402570809         0.0088659257         0.0009412356
      9.1000000000         0.0411483765         0.0089599539         0.0009393221
      9.2000000000         0.0420490653         0.0090537888         0.0009373704
      9.3000000000         0.0429591277         0.0091474267         0.0009353804
      9.4000000000         0.0438785439         0.0092408636         0.0009333520
      9.5000000000         0.0448072936         0.0093340958         0.0009312850
      9.6000000000         0.0457453561         0.0094271193         0.0009291791
      9.7000000000         0.0466927104         0.0095199303         0.0009270344
      9.8000000000         0.0476493350         0.0096125249         0.0009248505
      9.9000000000         0.0486152080         0.0097048991         0.0009226275
     10.0000000000         0.0495903073         0.0097970491         0.0009203651
               eta                    f                   f'                  f''
      0.0000000000         0.0000000000         0.0000000000         0.3324586650
      0.1000000000         0.0016622933         0.0332456362         0.3324494545
      0.2000000000         0.0066490351         0.0664880489         0.3323849883
      0.3000000000         0.0149595348         0.0997189521         0.3322100779
      0.4000000000         0.0265919973         0.1329245500         0.3318697532
      0.5000000000         0.0415429741         0.1660855709         0.3313095143
      0.6000000000         0.0598068179         0.1991773310         0.3304756805
      0.7000000000         0.0813751466         0.2321698370         0.3293158343
      0.8000000000         0.1062363196         0.2650279394         0.3277793538
      0.9000000000         0.1343749318         0.2977115411         0.3258180251
      1.0000000000         0.1657713323         0.3301758724         0.3233867238
      1.1000000000         0.2004011736         0.3623718359         0.3204441495
      1.2000000000         0.2382349991         0.3942464275         0.3169535971
      1.3000000000         0.2792378774         0.4257432351         0.3128837415
      1.4000000000         0.3233690887         0.4568030152         0.3082094120
      1.5000000000         0.3705818745         0.4873643464         0.3029123308
      1.6000000000         0.4208232549         0.5173643522         0.2969817842
      1.7000000000         0.4740339223         0.5467394874         0.2904151992
      1.8000000000         0.5301482160         0.5754263762         0.2832185969
      1.9000000000         0.5890941821         0.6033626877         0.2754068926
      2.0000000000         0.6507937238         0.6304880333         0.2670040229
      2.1000000000         0.7151628396         0.6567448673         0.2580428766
      2.2000000000         0.7821119529         0.6820793695         0.2485650181
      2.3000000000         0.8515463266         0.7064422908         0.2386201976
      2.4000000000         0.9233665602         0.7297897377         0.2282656475
      2.5000000000         0.9974691614         0.7520838772         0.2175651787
      2.6000000000         1.0737471836         0.7732935417         0.2065880921
      2.7000000000         1.1520909172         0.7933947169         0.1954079360
      2.8000000000         1.2323886244         0.8123708994         0.1841011409
      2.9000000000         1.3145273023         0.8302133127         0.1727455735
      3.0000000000         1.3983934602         0.8469209771         0.1614190536
      3.1000000000         1.4838738965         0.8625006310         0.1501978812
      3.2000000000         1.5708564607         0.8769665073         0.1391554191
      3.3000000000         1.6592307859         0.8903399732         0.1283607758
      3.4000000000         1.7488889786         0.9026490439         0.1178776286
      3.5000000000         1.8397262552         0.9139277885         0.1077632205
      3.6000000000         1.9316415131         0.9242156442         0.0980675554
      3.7000000000         2.0245378308         0.9335566612         0.0888328116
      3.8000000000         2.1183228891         0.9419987003         0.0800929787
      3.9000000000         2.2129093110         0.9495926050         0.0718737201
      4.0000000000         2.3082149182         0.9563913714         0.0641924492
      4.1000000000         2.4041629059         0.9624493351         0.0570586040
      4.2000000000         2.5006819369         0.9678213946         0.0504740960
      4.3000000000         2.5977061619         0.9725622878         0.0444339066
      4.4000000000         2.6951751695         0.9767259332         0.0389267984
      4.5000000000         2.7930338746         0.9803648479         0.0339361108
      4.6000000000         2.8912323525         0.9835296465         0.0294406057
      4.7000000000         2.9897256273         0.9862686273         0.0254153343
      4.8000000000         3.0884734229         0.9886274440         0.0218324954
      4.9000000000         3.1874398862         0.9906488620         0.0186622615
      5.0000000000         3.2865932887         0.9923725954         0.0158735519
      5.1000000000         3.3859057170         0.9938352171         0.0134347373
      5.2000000000         3.4853527566         0.9950701358         0.0113142634
      5.3000000000         3.5849131771         0.9961076314         0.0094811879
      5.4000000000         3.6845686227         0.9969749394         0.0079056275
      5.5000000000         3.7843033143         0.9976963747         0.0065591141
      5.6000000000         3.8841037644         0.9982934880         0.0054148661
      5.7000000000         3.9839585098         0.9987852445         0.0044479783
      5.8000000000         4.0838578626         0.9991882176         0.0036355402
      5.9000000000         4.1837936812         0.9995167921         0.0029566897
      6.0000000000         4.2837591614         0.9997833690         0.0023926123
      6.1000000000         4.3837486485         0.9999985688         0.0019264963
      6.2000000000         4.4837574691         1.0001714273         0.0015434508
      6.3000000000         4.5837817818         1.0003095831         0.0012303987
      6.4000000000         4.6838184468         1.0004194525         0.0009759490
      6.5000000000         4.7838649114         1.0005063912         0.0007702582
      6.6000000000         4.8839191116         1.0005748420         0.0006048858
      6.7000000000         4.9839793880         1.0006284676         0.0004726483
      6.8000000000         5.0840444131         1.0006702693         0.0003674772
      6.9000000000         5.1841131309         1.0007026917         0.0002842826
      7.0000000000         5.2841847061         1.0007277138         0.0002188254
      7.1000000000         5.3842584812         1.0007469284         0.0001675995
      7.2000000000         5.4843339416         1.0007616097         0.0001277248
      7.3000000000         5.5844106866         1.0007727714         0.0000968512
      7.4000000000         5.6844884059         1.0007812150         0.0000730740
      7.5000000000         5.7845668605         1.0007875704         0.0000548590
      7.6000000000         5.8846458672         1.0007923302         0.0000409790
      7.7000000000         5.9847252864         1.0007958773         0.0000304580
      7.8000000000         6.0848050124         1.0007985074         0.0000225253
      7.9000000000         6.1848849651         1.0008004479         0.0000165755
      8.0000000000         6.2849650849         1.0008018724         0.0000121364
      8.1000000000         6.3850453269         1.0008029130         0.0000088418
      8.2000000000         6.4851256581         1.0008036693         0.0000064095
      8.3000000000         6.5852060539         1.0008042162         0.0000046231
      8.4000000000         6.6852864963         1.0008046098         0.0000033179
      8.5000000000         6.7853669721         1.0008048916         0.0000023694
      8.6000000000         6.8854474719         1.0008050923         0.0000016836
      8.7000000000         6.9855279887         1.0008052346         0.0000011903
      8.8000000000         7.0856085174         1.0008053350         0.0000008373
      8.9000000000         7.1856890547         1.0008054054         0.0000005861
      9.0000000000         7.2857695978         1.0008054546         0.0000004082
      9.1000000000         7.3858501451         1.0008054888         0.0000002829
      9.2000000000         7.4859306952         1.0008055124         0.0000001951
      9.3000000000         7.5860112474         1.0008055287         0.0000001338
      9.4000000000         7.6860918008         1.0008055398         0.0000000914
      9.5000000000         7.7861723552         1.0008055474         0.0000000621
      9.6000000000         7.8862529102         1.0008055525         0.0000000420
      9.7000000000         7.9863334657         1.0008055560         0.0000000282
      9.8000000000         8.0864140214         1.0008055583         0.0000000189
      9.9000000000         8.1864945773         1.0008055599         0.0000000126
     10.0000000000         8.2865751333         1.0008055609         0.0000000083
