   0.0000000000000000        5.0000000000000010E-003   9.9997916666666672E-002  0.99991667187500000     
  0.10000000000000001        1.9998750134540114E-002  0.19996667308938632       0.99933358153339547     
  0.20000000000000001        4.4990004204138775E-002  0.29983136711807201       0.99775278913715348     
  0.30000000000000004        7.9957543679514131E-002  0.39946755389909727       0.99468228914848522     
  0.40000000000000002       0.12487026329947132       0.49870215599842532       0.98964277818143975     
  0.50000000000000000       0.17967738579248616       0.59731517748909047       0.98217693019986596     
  0.59999999999999998       0.24430389823624021       0.69504245951631982       0.97186088960406258     
  0.69999999999999996       0.31864632460946424       0.79157967788573980       0.95831752780747204     
  0.79999999999999993       0.40256896656961499       0.88658772864606117       0.94123082436915984     
  0.89999999999999991       0.49590075557833679       0.97969957438369315       0.92036054822000646     
  0.99999999999999989       0.59843286235880089        1.0705285330522745       0.89555625146584983     
   1.0999999999999999       0.70991720269678860        1.1586778861853713       0.86676947421984119     
   1.2000000000000000       0.83006596067312410        1.2437515705342064       0.83406302052963455     
   1.3000000000000000       0.95855222117432670        1.3253656052830771       0.79761622537390309     
   1.4000000000000001        1.0950117635825320        1.4031598066491973       0.75772530504898483     
   1.5000000000000002        1.2390460196198512        1.4768092643055670       0.71479816945431629     
   1.6000000000000003        1.3902261432664971        1.5460350104825242       0.66934346054612170     
   1.7000000000000004        1.5480980833180533        1.6106133113622234       0.62195403592424914     
   1.8000000000000005        1.7121884940041685        1.6703830562327862       0.57328559532411438     
   1.9000000000000006        1.8820112709009897        1.7252508125803263       0.52403159686364686     
   2.0000000000000004        2.0570744625763742        1.7751932491059974       0.47489597394543998     
   2.1000000000000005        2.2368872866097274        1.8202567925603492       0.42656539468814558     
   2.2000000000000006        2.4209669741089512        1.8605545631932372       0.37968287103744919     
   2.3000000000000007        2.6088451802485086        1.8962608101988556       0.33482441301919913     
   2.4000000000000008        2.8000737285687087        1.9276032255227689       0.29248014738017447     
   2.5000000000000009        2.9942295010742339        1.9548536368916514       0.25304091344388813     
   2.6000000000000010        3.1909183405287886        1.9783176583335296       0.21679086299564013     
   2.7000000000000011        3.3897778909525980        1.9983239037202294       0.18390608404264241     
   2.8000000000000012        3.5904793621697753        2.0152133468100506       0.15445879787934305     
   2.9000000000000012        3.7927282596600760        2.0293293460632333       0.12842629310690093     
   3.0000000000000013        3.9962641681140916        2.0410087543870206       0.10570349179883477     
   3.1000000000000014        4.2008597132999439        2.0505744155508068        8.6117906352782228E-002
   3.2000000000000015        4.4063188507532001        2.0583292234476827        6.9445737407967195E-002
   3.3000000000000016        4.6124746413026703        2.0645517997187843        5.5427965520467283E-002
   3.4000000000000017        4.8191866735419353        2.0694937392120583        4.3785474135472520E-002
   3.5000000000000018        5.0263382838704924        2.0733782879632727        3.4232476299518783E-002
   3.6000000000000019        5.2338337079809731        2.0764002582473089        2.6487770484870939E-002
   3.7000000000000020        5.4415952761658684        2.0787269501220571        2.0283594160748382E-002
   3.8000000000000020        5.6495607409736097        2.0804998367018075        1.5372056438232608E-002
   3.9000000000000021        5.8576808016757891        2.0818367773734336        1.1529300103966191E-002
   4.0000000000000018        6.0659168674001567        2.0828345445966412        8.5576630125604753E-003
   4.1000000000000014        6.2742390808353035        2.0835714808652339        6.2861798456375940E-003
   4.2000000000000011        6.4826246078378365        2.0841101382268015        4.5697930751174964E-003
   4.3000000000000007        6.6910561853569073        2.0844997895408182        3.2876348959476084E-003
   4.4000000000000004        6.8995209107716793        2.0847787353824785        2.3407094637528801E-003
   4.5000000000000000        7.1080092496983962        2.0849763611128749        1.6492564201654918E-003
   4.5999999999999996        7.3165142360887465        2.0851149239728577        1.1500207785192064E-003
   4.6999999999999993        7.5250308374566952        2.0852110697138646        7.9359750902222178E-004
   4.7999999999999989        7.7335554587736022        2.0852770924314088        5.4196649067876157E-004
   4.8999999999999986        7.9420855604370475        2.0853219604905227        3.6628797485296883E-004
   4.9999999999999982        8.1506193682933414        2.0853521365300174        2.4499185405068430E-004
   5.0999999999999979        8.3591556566087739        2.0853722213941310        1.6216613351112614E-004
   5.1999999999999975        8.5676935878608038        2.0853854513376713        1.0623046738479703E-004
   5.2999999999999972        8.7762325960611971        2.0853940757665779        6.8868307911524327E-005
   5.3999999999999968        8.9847723029042221        2.0853996397635908        4.4184729512129317E-005
   5.4999999999999964        9.1933124582883874        2.0854031922190015        2.8054894338257940E-005
   5.5999999999999961        9.4018528986676806        2.0854054369107402        1.7629094673023205E-005
   5.6999999999999957        9.6103935182567106        2.0854068406043731        1.0963209618644630E-005
   5.7999999999999954        9.8189342493716936        2.0854077093184000        6.7473506138365317E-006
   5.8999999999999950        10.027475049174813        2.0854082413919479        4.1097777002259774E-006
   5.9999999999999947        10.236015890845749        2.0854085639132496        2.4773915382852009E-006
   6.0999999999999943        10.444556757773192        2.0854087573944349        1.4779649830456771E-006
   6.1999999999999940        10.653097639779272        2.0854088722665218        8.7262745483111029E-007
   6.2999999999999936        10.861638530694757        2.0854089397640236        5.0990708538389064E-007
   6.3999999999999932        11.070179426820207        2.0854089790159009        2.9488524495010433E-007
   6.4999999999999929        11.278720325960904        2.0854090016068780        1.6877861115088412E-007
   6.5999999999999925        11.487261226828689        2.0854090144749624        9.5606380512959558E-008
   6.6999999999999922        11.695802128675542        2.0854090217293333        5.3599948204414415E-008
   6.7999999999999918        11.904343031071706        2.0854090257769129        2.9740825177265849E-008
   6.8999999999999915        12.112883933772897        2.0854090280120485        1.6332630928434676E-008
   6.9999999999999911        12.321424836641725        2.0854090292336469        8.8772272215033958E-009
   7.0999999999999908        12.529965739601739        2.0854090298944508        4.7755167999541145E-009
   7.1999999999999904        12.738506642610842        2.0854090302482362        2.5426660170904008E-009
   7.2999999999999901        12.947047545646102        2.0854090304357071        1.3399496153192021E-009
   7.3999999999999897        13.155588448695157        2.0854090305340311        6.9891185504587359E-010
   7.4999999999999893        13.364129351751412        2.0854090305850725        3.6082448660677805E-010
   7.5999999999999890        13.572670254811388        2.0854090306112982        1.8438025953351192E-010
   7.6999999999999886        13.781211157873267        2.0854090306246356        9.3257366734035876E-011
   7.7999999999999883        13.989752060936109        2.0854090306313493        4.6688292745528657E-011
   7.8999999999999879        14.198292963999432        2.0854090306346946        2.3136364282570373E-011
